% year   heat-anomaly (10^22 J)   std.dev. (10^22 J)
1953 -12.23 11.74
1954  -7.64 11.26
1955  -9.20  8.52
1956  -8.39 16.44
1957 -10.16 11.86
1958  -8.25 18.04
1959  -8.71 17.84
1960  -6.99 19.22
1961 -10.11 10.08
1962  -8.96 10.26
1963  -9.24  7.66
1964  -5.80  8.38
1965  -5.36  5.46
1966  -4.24 11.80
1967  -3.81  7.96
1968  -2.65  5.24
1969  -6.94  7.54
1970  -5.42  6.04
1971  -4.24  6.20
1972  -2.14  6.64
1973  -0.91 10.68
1974   1.16  5.84
1975   3.39  8.46
1976   6.97 11.44
1977   5.34  7.20
1978   7.78  4.98
1979   8.63  9.90
1980   6.13  5.28
1981   2.49  6.96
1982   3.13  3.88
1983   1.82 11.12
1984   1.66 10.22
1985   1.95 11.62
1986   3.06  9.94
1987   4.46  4.42
1988   4.21  7.66
1989   2.92  7.74
1990   3.64  4.80
1991   2.01  2.50
1992   2.14  8.10
1993   2.38 10.36
1994   5.69  7.32
1995   8.65  8.72
1996  14.44  8.54
